import numpy as np
import pyproj

GEODESIC = pyproj.Geod(ellps="WGS84")
DATUM = np.array([-33.72280308049836, 150.67408381605648])
MODE_PID_POSE = 1
MODE_PID_VEL = 2
MODE_PID_POSE_VEL = 3
MODE_PID_FORCE = 4

GLF_MODE = True

FRONT_LEFT_K = np.array(
    [762.7223205566406, 0.0, 640.0, 0.0, 762.7223110198975, 360.0, 0.0, 0.0, 1.0]).reshape((3, 3))

LIDAR_WAMV_LINK_TO_BASE_LINK_TF = (np.array([-0.4426760663909814, 0.0, -1.8799036944068728]), np.array(
    [[0.9902680687415704, -0.0, -0.13917310096006544], [0.0, 1.0, -0.0], [0.13917310096006544, 0.0, 0.9902680687415704]]))

BASE_LINK_TO_FRONT_LEFT_CAMERA_LINK_TF = (np.array([0.75, 0.1, 1.5]), np.array(
    [[0.9659258262890682, 0.0, 0.2588190451025209], [0.0, 1.0, 0.0], [-0.2588190451025209, 0.0, 0.9659258262890682]]))

BASE_LINK_TO_FRONT_LEFT_CAMERA_LINK_OPTICAL_TF = (np.array([0.75, 0.1, 1.5]), np.array(
    [[2.220446049250313e-16, -0.2588190451025208, 0.9659258262890682], [-1.0, 0.0, 1.6653345369377348e-16], [5.551115123125783e-17, -0.9659258262890682, -0.25881904510252074]]))

LIDAR_WAMV_LINK_TO_FRONT_LEFT_CAMERA_LINK_TF = (np.array([0.09126533372509832, 0.1, -0.2901217655744681]), np.array(
    [[0.992546151641322, 0.0, 0.12186934340514757], [0.0, 1.0, 0.0], [-0.12186934340514757, 0.0, 0.992546151641322]]))


GPS_WAMV_LINK_TO_BASE_LINK_TF = (np.array([0.85, 2.5606947772977288e-21, -1.3]), np.array(
    [[1.0, -3.0125820909385045e-21, 0.0], [3.0125820909385045e-21, 1.0, 0.0], [0.0, 0.0, 1.0]]))


FAR_LEFT_CAMERA_LINK_TO_BASE_LINK_TF = (np.array([-0.3362158020630198, -0.3, -1.6430030232604929]), np.array(
    [[0.9659258262890682, -0.0, -0.2588190451025209], [0.0, 1.0, -0.0], [0.2588190451025209, 0.0, 0.9659258262890682]]))


FRONT_LEFT_CAMERA_LINK_TO_BASE_LINK_TF = (np.array([-0.3362158020630198, -0.1, -1.6430030232604929]), np.array(
    [[0.9659258262890682, -0.0, -0.2588190451025209], [0.0, 1.0, -0.0], [0.2588190451025209, 0.0, 0.9659258262890682]]))


FRONT_RIGHT_CAMERA_LINK_TO_BASE_LINK_TF = (np.array([-0.3362158020630198, 0.1, -1.6430030232604929]), np.array(
    [[0.9659258262890682, -0.0, -0.2588190451025209], [0.0, 1.0, -0.0], [0.2588190451025209, 0.0, 0.9659258262890682]]))
